119 204 69
245 372
176 44 25.3125 1 69
141 46 177.188 2 79
159 53 21.0938 1 81
194 64 205.312 2 61
167 88 192.656 1 88
204 105 46.4062 2 68
136 113 21.0938 1 91
219 115 219.375 1 53
53 142 309.375 2 79
243 143 60.4688 2 58
128 144 26.7188 2 93
108 149 133.594 2 90
184 157 68.9062 2 88
70 162 312.188 2 83
73 170 113.906 2 64
97 178 334.688 2 83
70 184 300.938 1 60
123 186 140.625 2 82
48 201 108.281 1 80
77 201 303.75 2 81
117 208 109.688 1 69
120 217 98.4375 2 73
11 225 289.688 2 55
65 233 102.656 1 77
142 233 91.4062 2 83
250 249 70.3125 1 76
169 250 92.8125 1 81
32 265 286.875 2 68
190 273 90 2 86
208 278 262.969 1 81
225 286 73.125 1 80
236 310 64.6875 1 77
220 317 82.9688 2 78
41 339 296.719 2 74
233 339 74.5312 1 75
107 347 119.531 2 66
98 352 293.906 2 58
149 361 286.875 1 78
243 362 98.4375 2 50
119 364 292.5 2 86
65 368 298.125 1 85
102 375 296.719 1 80
210 390 293.906 2 74
80 393 306.562 1 74
55 398 309.375 1 65
172 402 302.344 1 77
124 407 307.969 2 72
217 413 316.406 1 46
53 416 324.844 1 52
172 423 320.625 1 71
136 426 319.219 1 69
86 434 331.875 1 60
